100
315
670
15
685
26
972
127
299
355
874
77
225
572
444
527
94
38
923
427
799
916
370
724
949
11
27
429
663
218
914
437
536
669
630
732
824
992
869
225
148
522
536
911
634
491
369
357
138
785
80
961
272
555
749
652
886
262
868
392
75
815
53
995
707
647
240
359
714
21
621
694
606
579
409
30
177
80
492
425
655
862
96
390
834
96
761
542
958
568
155
236
965
429
971
621
650
718
200
187
531
948
444
988
680
874
483
829
190
448
783
954
477
545
787
184
607
530
706
48
279
43
609
98
774
842
706
131
933
217
200
490
453
708
525
959
546
916
550
704
334
913
405
326
833
334
791
510
536
294
209
276
909
155
159
400
761
861
625
209
386
469
102
622
723
780
217
665
98
808
602
514
670
13
188
493
318
190
286
894
958
883
392
461
234
341
88
381
479
987
555
355
960
271
875
687
289
347
837
537
493
768
292
448
893
925
72
267
645
7
684
180
675
381
714
253
501
985
636
578
368
158
441
783
180
624
64
44
705
361
537
805
448
326
713
244
323
87
651
916
381
230
788
905
604
694
175
660
943
985
971
541
896
573
615
432
927
680
503
467
837
794
562
200
772
269
646
892
189
240
287
616
217
52
779
277
697
603
953
843
558
277
379
680
687
411
183
698
913
41
304
492
774
663
862
279
143
798
574
611
700
597
86
139
76
275
356
358
773
802
974
859
581
967
487
981
981
312
802
763
957
357
265
513
329
106
516
245
749
139
679
800
654
300
270
127
975
425
449
5
212
31
95
129
382
52
623
124
525
542
978
404
477
720
36
168
346
909
339
700
285
565
469
945
233
705
405
915
3
393
484
200
775
592
77
237
499
384
594
842
449
68
482
265
464
861
766
149
154
798
290
251
559
422
478
674
217
255
950
579
545
723
375
383
362
538
210
175
746
547
174
81
245
87
730
319
116
806
488
544
488
654
944
878
758
639
530
271
985
342
77
793
588
989
974
765
68
141
923
31
550
407
629
393
654
272
288
902
699
816
775
90
675
950
738
357
989
858
99
641
593
13
122
601
292
977
745
311
487
869
859
34
728
20
610
381
913
595
871
671
680
804
411
595
751
504
88
156
156
687
727
538
191
559
349
373
703
39
838
313
351
156
461
373
521
169
309
959
361
485
724
404
671
480
712
358
994
283
193
411
990
969
954
546
491
431
387
964
335
940
827
715
493
120
477
522
673
149
383
614
186
175
426
796
88
158
592
886
99
490
729
263
478
37
445
514
531
30
650
17
38
254
811
438
926
19
623
891
131
809
641
936
494
39
705
490
895
907
304
728
762
234
223
481
148
167
657
569
431
229
229
84
237
833
670
214
448
501
365
799
778
760
108
150
19
147
813
451
453
647
260
432
80
331
906
413
251
821
706
418
70
596
204
661
303
556
800
180
465
251
942
659
528
526
446
157
724
804
563
640
255
768
744
400
134
753
604
501
924
303
309
590
680
889
953
495
987
890
181
497
163
637
408
690
809
672
334
568
494
459
660
425
871
360
646
576
721
554
639
385
198
842
795
844
488
519
684
67
319
316
894
424
80
986
553
103
269
503
622
984
388
678
854
919
9
521
513
501
470
896
627
316
399
726
903
772
179
218
931
371
209
138
436
462
553
405
822
118
29
922
729
526
526
95
241
402
629
483
191
34
625
195
750
191
577
910
506
838
967
524
974
762
514
307
974
970
929
88
781
174
538
529
695
707
510
920
824
476
731
838
424
370
715
447
391
692
766
79
629
34
589
153
172
262
797
964
249
907
911
547
44
228
355
121
842
770
984
752
962
67
361
19
854
57
67
213
848
840
426
155
469
558
647
699
341
20
699
501
366
479
29
532
6
116
67
807
671
212
753
13
575
486
153
700
668
900
793
591
73
657
672
955
179
217
730
848
588
387
925
631
92
621
884
343
402
894
119
36
561
241
236
293
209
11
197
857
644
132
815
712
922
929
846
318
733
420
791
302
687
660
872
611
443
299
117
168
580
598
346
769
801
508
553
435
179
246
416
210
543
277
266
713
956
137
576
354
559
308
797
681
788
166
874
988
481
620
244
88
428
356
144
613
182
263
128
678
241
384
635
768
820
637
455
327
847
366
758
306
422
547
269
644
901
973
449
719
650
171
784
588
116
353
480
243
885
223
487
332
721
244
711
386
127
419
195
890
896
45
86
693
987
442
191
91
954
319
846
573
177
255
330
12
317
807
603
993
588
671
615
83
590
690
936
696
937
35
934
845
162
635
576
258
390
93
596
390
384
295
22
376
74
926
206
949
642
859
573
518
495
410
562
665
416
793
